230,230,230 	// 0 back color
230,230,230 	// 1 back dots color
24,132,255 	// 2 top of spec
38,139,255 	// 3
53,146,255 	// 4
67,153,255 	// 5
81,160,255 	// 6
95,167,255 	// 7
110,174,255 	// 8
124,181,255 	// 9
138,189,255 	// 10
152,196,255 	// 11
167,203,255 	// 12
181,210,255 	// 13
195,217,255 	// 14
209,224,255 	// 15
224,231,255 	// 16
238,238,255 	// 17 bottom of spec
255,255,255 	// 18 osc 1
214,214,222 	// 19 osc 2
181,189,189 	// 20 osc 3
160,170,175 	// 21 osc 4
148,156,165 	// 22 osc 5
150,150,255 	// 23 analyzer peak dots

